X1 = -11.851022
X2 = 1.777192
X3 = -29.738958
ERROR1 = 0.000000
ERROR2 = 0.000000
ERROR3 = 0.000000
